0.000000000000 -0.000000000000 0.000000000000 0.000000000000 0.000000000000 0.000000000000 0.000000000000 1.000000000000
0.104128400000 0.001289128000 -0.018216160000 1.310643000000 -0.000662870214 -0.000104759084 0.000451828871 0.999999672740
0.208253600000 0.000444832600 -0.042033180000 2.625299000000 -0.000930087258 -0.000276144700 0.000823431171 0.999999190321
0.312503800000 0.002037581000 -0.063028010000 3.941730000000 -0.000268719446 -0.000365151872 0.001706827922 0.999998440595
0.416624800000 0.002777892000 -0.084837610000 5.261017000000 -0.000407643354 -0.000320959799 0.001817808251 0.999998213191
0.520754800000 0.004157928000 -0.101467800000 6.581638000000 -0.000820898641 -0.000256501391 0.001962824772 0.999997703823
0.625003600000 0.007571022000 -0.116587400000 7.908775000000 -0.001347796596 -0.000204784589 0.002752315458 0.999995283122
0.729128400000 0.008323818000 -0.132803500000 9.238962000000 -0.001792290237 -0.000294134275 0.002592816501 0.999994989229
0.833252400000 0.007728339000 -0.149764900000 10.569630000000 -0.000934546755 -0.000428072501 0.002315842946 0.999996790119
0.937505700000 0.006780918000 -0.163454700000 11.904260000000 0.000391654832 -0.000480424865 0.000950216124 0.999999356444
1.041630000000 0.003419395000 -0.176748000000 13.242080000000 0.000862726631 -0.000310267752 -0.000772062315 0.999999281678
1.145875000000 -0.001862182000 -0.195920200000 14.580480000000 0.000790093829 -0.000263674985 -0.001981490087 0.999997689959
1.250003000000 -0.005851755000 -0.217760200000 15.930660000000 0.000436943566 -0.000192338592 -0.002594999752 0.999996519025
1.354255000000 -0.004267715000 -0.236414000000 17.282220000000 -0.000884552361 0.000013059958 -0.001496559053 0.999998488853
1.458401000000 0.000482789000 -0.253747500000 18.634690000000 -0.001999054684 0.000127143841 0.000449439641 0.999997892807
1.562526000000 0.005006086000 -0.269910100000 19.986700000000 -0.000915730651 -0.000018130173 0.001819341026 0.999997925551
1.666754000000 0.004134686000 -0.293109200000 21.341270000000 0.000276666346 -0.000116726439 0.002559607521 0.999996679114
1.771007000000 -0.000765474500 -0.322229700000 22.705750000000 0.001033704106 0.000211658379 0.001424608213 0.999998428573
1.875129000000 -0.007369324000 -0.346811900000 24.072100000000 0.000382992507 0.000622739925 -0.000071004170 0.999999730235
1.979377000000 -0.009719264000 -0.368742400000 25.448680000000 -0.002714333971 0.000969070774 -0.000722950688 0.999995585308
2.083502000000 -0.005061181000 -0.387139900000 26.820300000000 -0.002732037758 0.001186051180 0.000522207641 0.999995428265
2.187759000000 0.001962273000 -0.409938500000 28.194720000000 -0.001941348005 0.000980842063 0.002667615560 0.999994076454
2.291881000000 0.005281593000 -0.432897700000 29.570120000000 -0.000655650355 0.000994395838 0.002965978177 0.999994892123
2.396132000000 0.007939024000 -0.459117900000 30.949840000000 0.000491430248 0.001196836442 0.003089250273 0.999994391290
2.500257000000 0.006827076000 -0.485013300000 32.335310000000 0.000695131005 0.001585645252 0.001433237368 0.999997474173
2.604383000000 0.008305167000 -0.512236700000 33.717800000000 0.001751469286 0.001783238400 0.000961428951 0.999996414029
2.708628000000 0.010173400000 -0.543116000000 35.110830000000 0.001982452186 0.001748200587 0.000514192114 0.999996374636
2.812757000000 0.012119400000 -0.574623300000 36.507890000000 0.000830439860 0.001704086053 0.000479564430 0.999998088237
2.916881000000 0.015114780000 -0.599900600000 37.905890000000 0.000030368097 0.001493070688 0.000094523807 0.999998880441
3.021006000000 0.016968510000 -0.623852600000 39.301560000000 0.000187613310 0.001481574094 -0.001256992663 0.999998094853
3.125256000000 0.019429490000 -0.643712000000 40.704370000000 0.000276735080 0.001551410645 -0.002525357724 0.999995569546
3.229379000000 0.019163440000 -0.670724600000 42.111000000000 0.000019565421 0.001555605733 -0.003601823496 0.999992303258
3.333502000000 0.021344310000 -0.694132000000 43.518580000000 -0.000120175010 0.001421324971 -0.004154366854 0.999990353268
3.437629000000 0.026223640000 -0.717858100000 44.928210000000 0.000087148689 0.001206454594 -0.003629779859 0.999992680759
3.541754000000 0.030860360000 -0.739025000000 46.341270000000 0.000400970225 0.000861759336 -0.003212792031 0.999994387265
3.645880000000 0.034080310000 -0.761031500000 47.757040000000 0.000031886501 0.000380903577 -0.002900085138 0.999995721692
3.750007000000 0.033592210000 -0.783985600000 49.179630000000 -0.000395961671 -0.000121788210 -0.003005248569 0.999995398421
3.854131000000 0.031755320000 -0.805635000000 50.602180000000 -0.000524230079 -0.000653655090 -0.003324132026 0.999994124015
3.958276000000 0.028957950000 -0.826540800000 52.028310000000 -0.000332882086 -0.001240852870 -0.003318734050 0.999993667719
4.062383000000 0.025369770000 -0.845383600000 53.457160000000 -0.000970886265 -0.001797504376 -0.003439670759 0.999991997479
4.166506000000 0.020829380000 -0.866831600000 54.884640000000 -0.001454524272 -0.002197712148 -0.002745369359 0.999992758658
4.270633000000 0.016808700000 -0.886880000000 56.316600000000 -0.001411498166 -0.002517124705 -0.001998017018 0.999993839823
4.374756000000 0.013229100000 -0.907244200000 57.745500000000 -0.001196008092 -0.002828260156 -0.000856310112 0.999994918608
4.478884000000 0.010075350000 -0.924946900000 59.173650000000 -0.001416684259 -0.002865659183 -0.000183411015 0.999994873669
4.583132000000 0.006524255000 -0.944603500000 60.603180000000 -0.001737149888 -0.002649673807 0.000422850388 0.999994891355
4.687259000000 0.002764210000 -0.964748400000 62.027950000000 -0.002053400170 -0.002457060665 0.000934445947 0.999994436590
4.791384000000 -0.001308243000 -0.987810000000 63.451980000000 -0.001838834066 -0.002240913985 0.001900406936 0.999993992706
4.895505000000 -0.002873604000 -1.008175000000 64.871870000000 -0.001415775714 -0.002000359019 0.002650947753 0.999993483288
4.999630000000 -0.005953934000 -1.029700000000 66.289400000000 -0.001130247431 -0.001676854420 0.002612141785 0.999994543693
5.103758000000 -0.010020310000 -1.050203000000 67.703110000000 -0.001160276226 -0.001274549319 0.001742715221 0.999996996109
5.207869000000 -0.019364400000 -1.076075000000 69.115930000000 -0.001825555351 -0.001033793322 0.000325956057 0.999997746183
5.311998000000 -0.027022750000 -1.097831000000 70.530000000000 -0.002479488182 -0.000647719856 -0.001504833385 0.999995584027
5.416245000000 -0.035134420000 -1.118231000000 71.939780000000 -0.002754526829 -0.000273543790 -0.003329244468 0.999990626900
5.520244000000 -0.042146500000 -1.135987000000 73.339860000000 -0.002556753405 0.000053686194 -0.005575977521 0.999981184125
5.624505000000 -0.046775890000 -1.153311000000 74.742450000000 -0.002313495818 0.000408725326 -0.007109601693 0.999971966729
5.728633000000 -0.053276780000 -1.177226000000 76.144500000000 -0.002178505745 0.000754675279 -0.008184930856 0.999963845089
5.832639000000 -0.054585110000 -1.197942000000 77.540790000000 -0.002243938340 0.000923172698 -0.008321215258 0.999962434229
5.936757000000 -0.052873250000 -1.218035000000 78.934960000000 -0.002325590196 0.001002372450 -0.007703545728 0.999967120591
6.040889000000 -0.049542500000 -1.236655000000 80.325450000000 -0.001849233947 0.000966544129 -0.007120133662 0.999972474533
6.145012000000 -0.048832120000 -1.258287000000 81.710950000000 -0.001785982829 0.000826578651 -0.006746579010 0.999975305047
6.249010000000 -0.048388070000 -1.278676000000 83.097210000000 -0.001921457525 0.000711243527 -0.006768616677 0.999974993668
6.353135000000 -0.052690730000 -1.300031000000 84.483670000000 -0.001661843522 0.000443407245 -0.006540937151 0.999977128642
6.457260000000 -0.060720040000 -1.320245000000 85.865620000000 -0.001841190719 0.000081156971 -0.006717705661 0.999975737636
6.561386000000 -0.075180420000 -1.343695000000 87.250150000000 -0.002196160251 -0.000387066834 -0.006526350276 0.999976216623
6.665511000000 -0.084376200000 -1.362982000000 88.629090000000 -0.002724135818 -0.000953887232 -0.005462824414 0.999980913184
6.769636000000 -0.098132290000 -1.382640000000 90.006340000000 -0.003081304325 -0.001556876791 -0.004390637253 0.999984401880
6.873636000000 -0.111047500000 -1.399781000000 91.375240000000 -0.003164763090 -0.001866588600 -0.003395765479 0.999987484371
6.977759000000 -0.128335100000 -1.418059000000 92.741280000000 -0.002826078422 -0.002102179956 -0.002748962654 0.999990018612
7.081885000000 -0.145460300000 -1.435964000000 94.103390000000 -0.002567232459 -0.002239746317 -0.002135375975 0.999991916479
7.186013000000 -0.169704800000 -1.456190000000 95.460760000000 -0.002375661503 -0.002308260429 -0.002465265017 0.999991475281
7.290011000000 -0.191340900000 -1.476213000000 96.813820000000 -0.002029916003 -0.002248521868 -0.002364740977 0.999992615768
7.394135000000 -0.212031400000 -1.496478000000 98.165450000000 -0.001691906788 -0.002127760518 -0.002727435962 0.999992585562
7.498256000000 -0.234405600000 -1.517683000000 99.515130000000 -0.001755612938 -0.001944685512 -0.003527040279 0.999990347958
7.602386000000 -0.248571500000 -1.534999000000 100.860300000000 -0.002443245609 -0.001822812094 -0.003760220780 0.999988284255
7.706383000000 -0.269402100000 -1.556018000000 102.205400000000 -0.003222173204 -0.001743391901 -0.004411360997 0.999983558904
7.810511000000 -0.286760100000 -1.575247000000 103.545900000000 -0.002567891610 -0.001717316229 -0.004146772986 0.999986630426
7.914632000000 -0.305325600000 -1.596046000000 104.884500000000 -0.001246721876 -0.001674212877 -0.004084891757 0.999989478122
8.018763000000 -0.315395500000 -1.613299000000 106.220800000000 -0.000658757139 -0.001696206915 -0.003815554112 0.999991065194
8.122760000000 -0.334308600000 -1.638432000000 107.565300000000 -0.001312952830 -0.001623144930 -0.002750349652 0.999994038548
8.226883000000 -0.350813100000 -1.661275000000 108.906400000000 -0.002370338911 -0.001316664478 -0.001567939464 0.999995094715
8.331011000000 -0.373776100000 -1.686739000000 110.244600000000 -0.002702605947 -0.000856866958 -0.000778420119 0.999995677872
8.435138000000 -0.394314900000 -1.710102000000 111.576600000000 -0.001980069472 -0.000500762568 -0.000337091644 0.999997857463
8.539282000000 -0.413712900000 -1.733997000000 112.905000000000 -0.000778199915 -0.000167881572 -0.001290471017 0.999998850452
8.643387000000 -0.421968300000 -1.753986000000 114.228600000000 0.000321938939 0.000374871882 -0.002266220585 0.999997310032
8.747509000000 -0.429589900000 -1.775004000000 115.560100000000 0.000433616222 0.001082290478 -0.003784659397 0.999992158458
8.851635000000 -0.433477900000 -1.794230000000 116.893000000000 -0.000654136318 0.001795550459 -0.004499591024 0.999988050821
8.955763000000 -0.433415100000 -1.811794000000 118.227400000000 -0.001874171719 0.002325174139 -0.004544369461 0.999985214767
9.059886000000 -0.430613700000 -1.825847000000 119.561300000000 -0.002223373621 0.002715815180 -0.004045035983 0.999985659218
9.164012000000 -0.433414600000 -1.846322000000 120.904500000000 -0.001848391839 0.003226574087 -0.004299614909 0.999983842859
9.268135000000 -0.447293200000 -1.880929000000 122.268400000000 -0.001611804420 0.003846357121 -0.005181469667 0.999977879753
9.372259000000 -0.456074400000 -1.910030000000 123.624200000000 -0.001426057258 0.004416155662 -0.006196603296 0.999970032570
9.476392000000 -0.462254900000 -1.940325000000 124.983500000000 -0.000890959872 0.004975874020 -0.006573300924 0.999965618701
9.580513000000 -0.464132900000 -1.966295000000 126.337100000000 -0.000609257329 0.005521357511 -0.007119660146 0.999959226097
9.684640000000 -0.470849500000 -2.006026000000 127.692500000000 -0.000473896712 0.005975836632 -0.006700508434 0.999959583176
9.788784000000 -0.471809400000 -2.038343000000 129.049600000000 -0.000865805783 0.006359662839 -0.006438048579 0.999958677446
9.892888000000 -0.474280000000 -2.073189000000 130.407000000000 -0.001623818016 0.006779315007 -0.005956047896 0.999957963915
9.997010000000 -0.470125400000 -2.099489000000 131.755700000000 -0.001655630322 0.006939357575 -0.005457560270 0.999959658807
10.101140000000 -0.465693700000 -2.127702000000 133.109700000000 -0.001843293911 0.006928385860 -0.004419200819 0.999964534572
10.205260000000 -0.465102800000 -2.162932000000 134.461400000000 -0.002101361035 0.006766848452 -0.003585719607 0.999968467832
10.309390000000 -0.466119700000 -2.198388000000 135.814600000000 -0.001915220370 0.006497247617 -0.002830827298 0.999973051697
10.413390000000 -0.464495300000 -2.226309000000 137.160600000000 -0.001873314164 0.005870986025 -0.002035362824 0.999978939536
10.517510000000 -0.464572300000 -2.254854000000 138.512400000000 -0.002375752632 0.005335933813 -0.001408565925 0.999981949613
10.621640000000 -0.464180700000 -2.281749000000 139.862600000000 -0.002529316582 0.004826779174 -0.000626247429 0.999984956174
10.725760000000 -0.467441800000 -2.314866000000 141.212900000000 -0.002483852895 0.004177016183 -0.000253070720 0.999988159413
10.829890000000 -0.470457400000 -2.341886000000 142.562200000000 -0.002252955440 0.003550827176 -0.000122638260 0.999991150350
10.934020000000 -0.474702000000 -2.367455000000 143.909900000000 -0.002002929268 0.003030710826 0.000067021469 0.999993399265
11.038140000000 -0.478901300000 -2.395024000000 145.257800000000 -0.001114027725 0.002538424017 0.000884299501 0.999995766671
11.142270000000 -0.481392500000 -2.426593000000 146.601100000000 -0.000389082782 0.001975138669 0.003648570716 0.999991317649
11.246390000000 -0.484415000000 -2.462969000000 147.953800000000 -0.001794212450 0.001414100777 0.007045495698 0.999972570679
11.350520000000 -0.483284300000 -2.489366000000 149.303000000000 -0.002264638532 0.000684737090 0.010864521800 0.999938180446
11.454640000000 -0.488798600000 -2.518617000000 150.648100000000 -0.001055768902 0.000079852258 0.012525641985 0.999920990513
11.558780000000 -0.497985400000 -2.545628000000 151.991700000000 0.000944670027 0.000178513103 0.012567428116 0.999920564586
11.663020000000 -0.513989700000 -2.581792000000 153.337300000000 0.001829202480 0.000604700107 0.010795501575 0.999939870943
11.767160000000 -0.520340500000 -2.611885000000 154.684300000000 0.001825609796 0.000981551207 0.010668357431 0.999940943184
11.871260000000 -0.518837400000 -2.641449000000 156.032900000000 0.000255441011 0.001301666599 0.012030906282 0.999926746171
11.975390000000 -0.510487000000 -2.666163000000 157.382900000000 -0.001365403082 0.001561223072 0.014755593115 0.999888979202
12.079640000000 -0.499604700000 -2.689150000000 158.731900000000 -0.001721067275 0.001564555924 0.016833235745 0.999855605708
12.183770000000 -0.490889400000 -2.711383000000 160.078600000000 -0.001905426536 0.001537433577 0.017731123368 0.999839793623
12.287890000000 -0.484875900000 -2.736780000000 161.429000000000 -0.002091651666 0.001946705992 0.016953990964 0.999852187836
12.392020000000 -0.483651600000 -2.760604000000 162.778800000000 -0.001916851760 0.002550872185 0.014985391564 0.999882621496
12.496260000000 -0.476780300000 -2.787254000000 164.129500000000 -0.000719567558 0.003005991342 0.013270804632 0.999907161682
12.600390000000 -0.468784000000 -2.810667000000 165.480700000000 -0.000298781474 0.003378911201 0.011851427871 0.999924015786
12.704520000000 -0.459926400000 -2.835558000000 166.839000000000 -0.000972677951 0.003583497354 0.010847718204 0.999934267567
12.808640000000 -0.449484000000 -2.861986000000 168.200000000000 -0.000877935270 0.003468695641 0.010028471016 0.999943311968
12.912790000000 -0.442443800000 -2.886560000000 169.560200000000 0.000326334798 0.003214395714 0.009067965234 0.999953665513
13.016890000000 -0.438971700000 -2.914240000000 170.919800000000 0.001776912235 0.002953629299 0.007322819991 0.999967246946
13.121140000000 -0.411154300000 -2.932731000000 172.284100000000 0.002424331070 0.002858364023 0.004873669363 0.999981099682
13.225270000000 -0.388112000000 -2.960771000000 173.652800000000 0.001998054664 0.003013382907 0.002577619618 0.999990141540
13.329390000000 -0.377930100000 -2.986448000000 175.029100000000 0.000755900346 0.003282944212 0.000916541323 0.999993905403
13.433520000000 -0.358878200000 -3.008539000000 176.408600000000 -0.000232599346 0.003348201989 0.000738030601 0.999994095358
13.537640000000 -0.340530800000 -3.013913000000 177.785200000000 -0.000902054426 0.002956720813 0.002167145188 0.999992873765
13.641770000000 -0.321404200000 -3.022953000000 179.160700000000 -0.000828652047 0.002118859519 0.003444673544 0.999991478961
13.745910000000 -0.313654500000 -3.041123000000 180.542000000000 0.001222935546 0.001080611156 0.003655999785 0.999991985155
13.850020000000 -0.308999500000 -3.062100000000 181.921400000000 0.003475003383 0.000327277716 0.003125750800 0.999989023401
13.954150000000 -0.314056400000 -3.088158000000 183.309800000000 0.003934415127 0.000035229596 0.000736149668 0.999991988578
14.058400000000 -0.318655800000 -3.114466000000 184.703900000000 0.003238206055 -0.000020729119 -0.001296690681 0.999993916074
14.162520000000 -0.314130500000 -3.137555000000 186.099400000000 0.001702540434 0.000120376505 -0.002151569880 0.999996228799
14.266640000000 -0.308727700000 -3.164478000000 187.498800000000 0.000614917898 0.000327210393 -0.002545321891 0.999996518067
14.370770000000 -0.308932700000 -3.193945000000 188.900300000000 0.000207779607 0.000367006165 -0.002224290699 0.999997437329
14.474890000000 -0.307021100000 -3.221858000000 190.304800000000 -0.000182214891 0.000337505775 -0.001477068501 0.999998835577
14.579010000000 -0.303004200000 -3.250530000000 191.712800000000 -0.000400257734 0.000331578024 -0.000183495452 0.999999848090
14.683140000000 -0.300755800000 -3.281162000000 193.121300000000 -0.000404539089 0.000520229718 0.001148183532 0.999999123691
14.787290000000 -0.297933800000 -3.314135000000 194.539700000000 -0.000884553895 0.000687122081 0.002646564905 0.999995870552
14.891390000000 -0.294530100000 -3.344375000000 195.959200000000 -0.001785975157 0.000894168344 0.004682767718 0.999987041137
14.995520000000 -0.295504800000 -3.384557000000 197.380900000000 -0.001802236537 0.001010237113 0.006400759856 0.999977380563
15.099640000000 -0.299863700000 -3.419365000000 198.801100000000 0.000308120850 0.001115009460 0.005472165687 0.999984358487
15.203790000000 -0.315003400000 -3.471363000000 200.224200000000 0.003113364493 0.001346029521 0.002206589068 0.999991813032
15.308020000000 -0.332198700000 -3.515079000000 201.657300000000 0.003363154659 0.001941804089 -0.002462335358 0.999989427690
15.412140000000 -0.348580800000 -3.555576000000 203.094800000000 0.001246145970 0.002659844805 -0.006592501774 0.999973955294
15.516270000000 -0.351843200000 -3.580327000000 204.532500000000 0.000047023341 0.003045056647 -0.007330833367 0.999968491654
15.620390000000 -0.348135900000 -3.604083000000 205.970400000000 0.000070077565 0.002778762522 -0.006313097496 0.999976208901
15.724520000000 -0.343831300000 -3.628674000000 207.418300000000 0.000045653719 0.002195383739 -0.004767632420 0.999986223849
15.828640000000 -0.342198000000 -3.650886000000 208.867900000000 0.000083822232 0.001632986561 -0.003528244599 0.999992438881
15.932650000000 -0.342963800000 -3.674360000000 210.323200000000 0.000522388659 0.001375132948 -0.003709915036 0.999992036293
16.036770000000 -0.347951000000 -3.708945000000 211.784900000000 0.000453154594 0.001321956778 -0.004432433122 0.999989200251
16.140900000000 -0.353316100000 -3.741769000000 213.245300000000 -0.000036778640 0.001262079896 -0.005058151218 0.999986410362
16.245020000000 -0.357580900000 -3.778065000000 214.714200000000 0.000031243552 0.001143980974 -0.004764119904 0.999987996674
16.349140000000 -0.357483900000 -3.809987000000 216.186400000000 0.000732039869 0.000944393224 -0.004554109261 0.999988916103
16.453270000000 -0.355981200000 -3.837087000000 217.661500000000 0.000780145837 0.000847106217 -0.004178986303 0.999990604884
16.557390000000 -0.360488200000 -3.867619000000 219.141900000000 0.000607865245 0.000623016395 -0.004355119203 0.999990137595
16.661520000000 -0.366904700000 -3.899694000000 220.619200000000 0.000881364112 0.000450818208 -0.004371464706 0.999989955078
16.765650000000 -0.371188200000 -3.933170000000 222.105300000000 0.001016741927 0.000351333478 -0.004396790842 0.999989755463
16.869650000000 -0.375506800000 -3.961696000000 223.589400000000 0.000987440829 0.000178903854 -0.004946237510 0.999987263763
16.973770000000 -0.377150300000 -3.990503000000 225.078900000000 0.001190014621 0.000007203997 -0.004767685077 0.999987926423
17.077890000000 -0.378770700000 -4.017067000000 226.569100000000 0.001133098768 -0.000124541101 -0.005019266525 0.999986753682
17.182030000000 -0.378526600000 -4.048136000000 228.060200000000 0.001064629384 -0.000177706292 -0.004547542443 0.999989077362
17.286140000000 -0.378661400000 -4.075078000000 229.551100000000 0.001382897964 -0.000123422743 -0.003920365917 0.999991351508
17.390270000000 -0.376608600000 -4.099044000000 231.045400000000 0.001207601911 -0.000040452717 -0.003354542530 0.999993643533
17.494400000000 -0.374570100000 -4.124994000000 232.542100000000 0.000833012519 0.000058555387 -0.002560121778 0.999996374212
17.598420000000 -0.373962600000 -4.153624000000 234.037800000000 0.000615645770 0.000053968527 -0.002480892141 0.999996731616
17.702520000000 -0.376469200000 -4.186333000000 235.539000000000 0.000694862638 0.000011965338 -0.002668989634 0.999996196751
17.806640000000 -0.378407700000 -4.220226000000 237.044600000000 0.001312294355 0.000122128011 -0.003013949819 0.999994589523
17.910650000000 -0.381494300000 -4.253315000000 238.549900000000 0.000915176789 0.000387356968 -0.003650052329 0.999992844736
18.014770000000 -0.382906500000 -4.285388000000 240.060300000000 -0.000297342496 0.000709691611 -0.003807768266 0.999992454385
18.118900000000 -0.382092400000 -4.315103000000 241.571200000000 -0.000489814484 0.000965688817 -0.003673091630 0.999992667936
18.223020000000 -0.381879700000 -4.347138000000 243.087300000000 0.000306806777 0.001203292617 -0.003797847103 0.999992017125
18.327020000000 -0.379639300000 -4.377646000000 244.602000000000 0.000989204650 0.001478952182 -0.003781066061 0.999991268819
18.431150000000 -0.377078000000 -4.404696000000 246.123100000000 0.000761569512 0.001633507721 -0.004295915104 0.999989148330
18.535360000000 -0.372157200000 -4.432022000000 247.647700000000 0.000291702631 0.001664617512 -0.004050397461 0.999990369073
18.639420000000 -0.368388500000 -4.458219000000 249.168200000000 -0.000078182369 0.001510976629 -0.004089973672 0.999990491431
18.743480000000 -0.365894400000 -4.487063000000 250.696400000000 -0.000243235969 0.001398038297 -0.004253295487 0.999989947851
18.847540000000 -0.362985700000 -4.511301000000 252.224100000000 -0.000291115722 0.001418333606 -0.004986214668 0.999986520532
18.951650000000 -0.359889900000 -4.535745000000 253.757000000000 -0.000306499166 0.001520480136 -0.005476158731 0.999983802811
19.055650000000 -0.356528300000 -4.558441000000 255.288500000000 -0.000318792731 0.001464151590 -0.005776355431 0.999982194016
19.159650000000 -0.351899400000 -4.584940000000 256.823000000000 -0.000477656067 0.001469889806 -0.004987222298 0.999986369348
19.263770000000 -0.347448800000 -4.611578000000 258.361200000000 -0.000929113462 0.001420889102 -0.004238281800 0.999989577341
19.367870000000 -0.340799500000 -4.637604000000 259.900300000000 -0.001436945971 0.001451756061 -0.002826617905 0.999993918892
19.471780000000 -0.334677600000 -4.662237000000 261.435200000000 -0.001046978915 0.001292832026 -0.002057028201 0.999996500522
19.575900000000 -0.329133800000 -4.686551000000 262.973100000000 -0.000339956573 0.001153257029 -0.001444130291 0.999998234456
19.679910000000 -0.325373800000 -4.715745000000 264.511300000000 -0.001242717897 0.001441250280 -0.000469574581 0.999998078973
19.784020000000 -0.324904600000 -4.748173000000 266.057200000000 -0.002505664334 0.001664733280 0.000057535960 0.999995473489
19.888070000000 -0.320817900000 -4.788372000000 267.598100000000 -0.002002454091 0.001731775497 0.001029588910 0.999995965531
19.992130000000 -0.317394300000 -4.824679000000 269.137700000000 -0.001233505938 0.001877235754 0.001452034724 0.999996423016
20.096150000000 -0.316602400000 -4.866052000000 270.677100000000 -0.001193112269 0.002199157869 0.000966395208 0.999996403128
20.200150000000 -0.315594300000 -4.906588000000 272.218500000000 -0.001384854558 0.002740231976 0.000229272486 0.999995260359
20.304270000000 -0.314040100000 -4.950219000000 273.764900000000 -0.001177593912 0.003219390581 -0.000620261522 0.999993932018
20.408270000000 -0.311230900000 -4.987626000000 275.307200000000 -0.001135360083 0.003699970166 -0.001216505501 0.999991770612
20.512310000000 -0.311420600000 -5.039836000000 276.853500000000 -0.000956064666 0.004095090654 -0.001595295879 0.999989885551
20.616400000000 -0.306202600000 -5.082755000000 278.395200000000 -0.000654674341 0.004513704811 -0.001773097487 0.999988026926
20.720420000000 -0.301129200000 -5.134136000000 279.945100000000 -0.000424449309 0.004967137898 -0.001503291898 0.999986443657
20.824520000000 -0.289753600000 -5.172038000000 281.495800000000 -0.000505228710 0.005386742732 -0.001208781315 0.999984633179
20.928690000000 -0.276489900000 -5.210037000000 283.049800000000 -0.001160058087 0.005760013477 -0.000752002683 0.999982455347
21.032780000000 -0.259923300000 -5.241690000000 284.600500000000 -0.001367882864 0.005932255001 -0.000043090359 0.999981467523
21.136780000000 -0.244729600000 -5.277598000000 286.145400000000 -0.000188637294 0.005963561502 0.000288032944 0.999982158534
21.240880000000 -0.230158300000 -5.316244000000 287.699900000000 0.001096288328 0.005785462000 0.000752503267 0.999982380005
21.344920000000 -0.217080500000 -5.355148000000 289.253600000000 0.001246436834 0.005364082130 0.000592601573 0.999984660803
21.448900000000 -0.204525100000 -5.390475000000 290.810300000000 0.000910498441 0.005009484824 0.001396274712 0.999986063139
21.552900000000 -0.192692700000 -5.424878000000 292.369200000000 0.001216073842 0.004502351349 0.001346384879 0.999988218553
21.657020000000 -0.182827100000 -5.462578000000 293.931600000000 0.001350674271 0.004222024360 0.001211732553 0.999989440891
21.761020000000 -0.175310700000 -5.502144000000 295.500700000000 0.001096387383 0.003867510730 0.001190994464 0.999991210875
21.865030000000 -0.168170800000 -5.542654000000 297.072300000000 0.000942557209 0.003442297914 0.001413061182 0.999992632687
21.969150000000 -0.157166400000 -5.573209000000 298.650200000000 0.000553566538 0.002924746372 0.001735048055 0.999994064498
22.073170000000 -0.149830100000 -5.605662000000 300.236700000000 -0.000230580118 0.002645972279 0.000941767748 0.999996029361
22.177150000000 -0.143656700000 -5.638056000000 301.821100000000 -0.000517767972 0.002961941393 0.000677537235 0.999995249870
22.281150000000 -0.136230800000 -5.674045000000 303.413000000000 -0.000253791167 0.003447553940 0.000389995219 0.999993948914
22.385270000000 -0.124579600000 -5.704927000000 305.009500000000 -0.000027202548 0.003638248096 0.001032993909 0.999992847642
22.489270000000 -0.111307500000 -5.740563000000 306.608600000000 0.000410993470 0.003725787312 0.001893701677 0.999991181705
22.593280000000 -0.100990500000 -5.775938000000 308.211600000000 0.001380626010 0.003875422544 0.002719722265 0.999987838967
22.697420000000 -0.096499900000 -5.821106000000 309.818900000000 0.001873900001 0.003876453719 0.002850965037 0.999986666713
22.801400000000 -0.093249410000 -5.863046000000 311.433100000000 0.002328160580 0.002816219721 0.002580129855 0.999989995702
22.905400000000 -0.096584340000 -5.907766000000 313.044500000000 0.002119690516 0.001743863753 0.002114367484 0.999993997633
23.009400000000 -0.106523000000 -5.952029000000 314.668200000000 0.000541735384 0.001541394725 0.001243221851 0.999997892510
23.113490000000 -0.107981100000 -5.990688000000 316.295300000000 -0.001099988304 0.001794040519 0.001856514513 0.999996062391
23.217420000000 -0.108669600000 -6.032426000000 317.924100000000 -0.001521414796 0.001898756227 0.002380672263 0.999994206194
23.321400000000 -0.105841900000 -6.068362000000 319.552500000000 -0.000864308772 0.002038882045 0.003095669463 0.999992756354
23.425400000000 -0.103969800000 -6.106845000000 321.182300000000 -0.000881837339 0.002209170387 0.003480513688 0.999991113937
23.529550000000 -0.100917900000 -6.143404000000 322.813900000000 -0.001091279429 0.002308396503 0.003418102350 0.999990898454
23.633550000000 -0.098831130000 -6.185282000000 324.439700000000 -0.000990123230 0.002552842836 0.003485584002 0.999990176629
23.737530000000 -0.096484380000 -6.224088000000 326.068200000000 -0.000689817745 0.002793207501 0.002764024519 0.999992041124
23.841660000000 -0.094110520000 -6.268819000000 327.697600000000 -0.000311084762 0.003128172752 0.002369002116 0.999992252765
23.945650000000 -0.084969560000 -6.305428000000 329.324200000000 -0.001207544674 0.003551596717 0.002929351171 0.999988673385
24.049650000000 -0.074427180000 -6.342113000000 330.950800000000 -0.001762481572 0.003618030427 0.003377059352 0.999986199397
24.153670000000 -0.064212310000 -6.372244000000 332.569400000000 -0.001030725947 0.003465464003 0.003990755370 0.999985500912
24.257780000000 -0.058448950000 -6.413497000000 334.189300000000 -0.001083525114 0.003471297716 0.003588195488 0.999986950374
24.361780000000 -0.054349610000 -6.450780000000 335.802400000000 -0.000408455815 0.003417665290 0.002392342278 0.999991214675
24.465780000000 -0.049497480000 -6.492551000000 337.409700000000 0.001747335315 0.003051543189 0.001791325656 0.999992212998
24.569780000000 -0.045480420000 -6.532188000000 339.021100000000 0.001181212970 0.002615890614 0.001000186382 0.999995380729
24.673900000000 -0.042570070000 -6.571397000000 340.628700000000 -0.000532298497 0.002181536635 0.000729991553 0.999997212330
24.777900000000 -0.039302960000 -6.601811000000 342.246200000000 -0.002156575238 0.001650016111 0.000137774160 0.999996303817
24.882030000000 -0.036810030000 -6.628918000000 343.852800000000 -0.001528133356 0.001045691533 -0.000104718979 0.999998280184
24.986020000000 -0.035146590000 -6.652782000000 345.452500000000 -0.000508714820 0.000135941269 0.000221986205 0.999999836726
25.090170000000 -0.034547900000 -6.677644000000 347.055400000000 -0.001291406810 -0.000811972888 0.000720878760 0.999998576650
25.194150000000 -0.037071750000 -6.708152000000 348.655100000000 -0.001725044336 -0.001310103872 0.001533568660 0.999996478002
25.298280000000 -0.041563320000 -6.737239000000 350.253200000000 -0.001247658438 -0.001526673625 0.001672904116 0.999996656998
25.402400000000 -0.052610180000 -6.773059000000 351.847800000000 -0.000797671420 -0.001635240237 0.002004447088 0.999996335944
25.506530000000 -0.062770750000 -6.805862000000 353.446400000000 -0.000826309624 -0.001645466720 0.002037041450 0.999996230050
25.610540000000 -0.075066060000 -6.843564000000 355.037900000000 -0.000739035115 -0.001629976370 0.002284176377 0.999995789762
25.714650000000 -0.085703560000 -6.882552000000 356.630800000000 -0.000438266874 -0.001645664477 0.002608648645 0.999995147320
25.818650000000 -0.097299890000 -6.921763000000 358.221800000000 -0.000107734276 -0.001708719984 0.002701066806 0.999994886441
25.922780000000 -0.109101400000 -6.958715000000 359.812500000000 -0.000286358057 -0.001672053927 0.002949148318 0.999994212363
26.026980000000 -0.122301400000 -6.995935000000 361.403700000000 0.000215290098 -0.001635483594 0.002734033949 0.999994901938
26.130900000000 -0.132220600000 -7.034017000000 362.989000000000 0.000826312629 -0.001602595872 0.003494198224 0.999992269706
26.235050000000 -0.141995200000 -7.072717000000 364.586700000000 0.000085115968 -0.001542456028 0.004171844071 0.999990104602
26.339150000000 -0.155299900000 -7.112398000000 366.183800000000 -0.000492098424 -0.001605401344 0.005004454652 0.999986067883
26.443290000000 -0.166861500000 -7.146884000000 367.781100000000 -0.000142950670 -0.001580821748 0.005279112642 0.999984805653
26.547800000000 -0.185891100000 -7.188290000000 369.386600000000 0.000295082021 -0.001394448993 0.004721895542 0.999987835997
26.651410000000 -0.202918500000 -7.225081000000 370.975300000000 -0.000331611435 -0.001152511060 0.003717883672 0.999992369517
26.757930000000 -0.222998100000 -7.268840000000 372.615400000000 -0.000479781233 -0.000901306165 0.003050506539 0.999994825920
26.862580000000 -0.237813400000 -7.306808000000 374.225300000000 -0.000354372758 -0.000716654400 0.002849484275 0.999995620623
26.963660000000 -0.251989300000 -7.344936000000 375.781100000000 0.000044293962 -0.000600116449 0.002939702473 0.999995498014
27.067820000000 -0.262587800000 -7.379336000000 377.387300000000 0.000167095480 -0.000459413313 0.002858910561 0.999995793816
27.171920000000 -0.270401200000 -7.414418000000 378.992900000000 0.000194106206 -0.000346982137 0.002667857204 0.999996362225
27.276060000000 -0.278358500000 -7.448411000000 380.607100000000 0.000134894773 -0.000190961122 0.002091631623 0.999997785205
27.380140000000 -0.287792500000 -7.485057000000 382.220200000000 -0.000225977819 -0.000028103158 0.001445689560 0.999998929062
27.484700000000 -0.296086600000 -7.522079000000 383.840800000000 0.000081390830 0.000105655313 0.000869261316 0.999999613299
27.588410000000 -0.303965200000 -7.558709000000 385.451200000000 0.000373941627 0.000240484849 0.000437281715 0.999999805560
27.692530000000 -0.311017400000 -7.596748000000 387.067800000000 0.000326280712 0.000403668646 0.000064107857 0.999999863241
27.796540000000 -0.316453800000 -7.631598000000 388.685700000000 -0.000133279243 0.000530385170 -0.000558342428 0.999999694591
27.900670000000 -0.320658200000 -7.664429000000 390.305900000000 -0.000492089373 0.000725646735 -0.001120977385 0.999998987347
28.005230000000 -0.323800300000 -7.696195000000 391.935900000000 -0.000158564086 0.000919550116 -0.001451831407 0.999998510734
28.108940000000 -0.323789600000 -7.731691000000 393.557900000000 -0.000230759632 0.001045534982 -0.001462969924 0.999998356661
